  widths: [17.7318 14.0197 11.1584  8.8614  7.0332  5.584   4.434   3.5213  2.7967
  2.2214  1.7645  1.4017  1.1136  0.8848  0.7031  0.5589  0.4444  0.3537
  0.2817  0.2248  0.1798  0.1444  0.1166  0.0951  0.0785  0.0659  0.0567
  0.0501  0.0455  0.0426  0.0407  0.0397  0.0336  0.0248  0.021   0.0193]
d=2: fitted log-log slope of width vs amplitude in the window = -0.498 (20 states)
  widths: [1.750412e+02 1.845600e+01 1.366480e+01 1.120510e+01 7.785700e+00
 5.831300e+00 4.375100e+00 3.280400e+00 2.460000e+00 1.845100e+00
 1.384100e+00 1.038600e+00 7.797000e-01 5.860000e-01 4.410000e-01
 3.329000e-01 2.524000e-01 1.930000e-01 1.494000e-01 1.179000e-01
 9.550000e-02 7.990000e-02 6.920000e-02 6.200000e-02 5.720000e-02
 5.400000e-02 5.190000e-02 5.060000e-02 4.980000e-02 4.930000e-02
 5.380000e-02 5.340000e-02 4.600000e-02]
d=3: fitted log-log slope of width vs amplitude in the window = -0.497 (16 states)
